# Zini     MH   logAge Mini        int_IMF         Mass   logL    logTe  logg  label   McoreTP C_O  period0  period1  period2  period3  period4  pmode  Mloss  tau1m   X   Y   Xc  Xn  Xo  Cexcess  Z 	 mbolmag  umag    gmag    rmag    imag    zmag
0.01471 0.00000 9.60206 0.0900000036 1.0816895926    0.090 -3.422  3.3632  5.220    1  0.000  0.545     0.00     0.00     0.00     0.00     0.00 -1  -3.9e-17      0.00 7.103e-01 2.750e-01 2.655e-03 7.163e-04 6.496e-03 -1.000 1.476e-02 13.326 23.797 19.189 17.441 14.913 13.392
0.01471 0.00000 9.60206 0.1000000015 1.1711064122    0.100 -3.239  3.3894  5.186    1  0.000  0.545     0.00     0.00     0.00     0.00     0.00 -1 -5.86e-17      0.00 7.101e-01 2.751e-01 2.655e-03 7.163e-04 6.496e-03 -1.000 1.476e-02 12.867 23.273 18.708 16.971 14.451 12.934
0.01471 0.00000 9.60206 0.1190471128 1.3130027430    0.119 -2.984  3.4230  5.142    1  0.000  0.545     0.00     0.00     0.00     0.00     0.00 -1 -1.02e-16      0.00 7.097e-01 2.755e-01 2.655e-03 7.163e-04 6.496e-03 -1.000 1.476e-02 12.230 22.220 17.840 16.139 13.706 12.260
0.01471 0.00000 9.60206 0.1200000048 1.3193154741    0.120 -2.972  3.4246  5.140    1  0.000  0.545     0.00     0.00     0.00     0.00     0.00 -1 -1.04e-16      0.00 7.097e-01 2.755e-01 2.655e-03 7.163e-04 6.496e-03 -1.000 1.476e-02 12.201 22.096 17.754 16.059 13.647 12.220
0.01471 0.00000 9.60206 0.1400000006 1.4384526719    0.140 -2.790  3.4444  5.104    1  0.000  0.545     0.00     0.00     0.00     0.00     0.00 -1 -1.53e-16      0.00 7.095e-01 2.758e-01 2.655e-03 7.163e-04 6.496e-03 -1.000 1.476e-02 11.745 20.549 16.623 15.012 12.856 11.639
0.01471 0.00000 9.60206 0.1586211473 1.5310058788    0.159 -2.658  3.4571  5.077    1  0.000  0.545     0.00     0.00     0.00     0.00     0.00 -1 -2.01e-16      0.00 7.092e-01 2.761e-01 2.655e-03 7.163e-04 6.496e-03 -1.000 1.476e-02 11.415 19.589 15.894 14.316 12.338 11.241
0.01471 0.00000 9.60206 0.1599999964 1.5372931554    0.160 -2.649  3.4580  5.075    1  0.000  0.545     0.00     0.00     0.00     0.00     0.00 -1 -2.05e-16      0.00 7.092e-01 2.761e-01 2.655e-03 7.163e-04 6.496e-03 -1.000 1.476e-02 11.392 19.523 15.843 14.268 12.303 11.214
0.01471 0.00000 9.60206 0.2000000030 1.6938790862    0.200 -2.433  3.4767  5.030    1  0.000  0.545     0.00     0.00     0.00     0.00     0.00 -1 -3.17e-16      0.00 7.087e-01 2.766e-01 2.655e-03 7.163e-04 6.496e-03 -1.000 1.476e-02 10.851 18.172 14.776 13.244 11.533 10.593
0.01471 0.00000 9.60206 0.2500000000 1.8403257998    0.250 -2.227  3.4931  4.988    1  0.000  0.545     0.00     0.00     0.00     0.00     0.00 -1 -4.78e-16      0.00 7.082e-01 2.771e-01 2.655e-03 7.163e-04 6.496e-03 -1.000 1.476e-02 10.338 17.055 13.854 12.339 10.851 10.026
0.01471 0.00000 9.60206 0.3000000119 1.9529139769    0.300 -2.068  3.5038  4.950    1  0.000  0.545     0.00     0.00     0.00     0.00     0.00 -1 -5.21e-16      0.00 7.079e-01 2.773e-01 2.655e-03 7.163e-04 6.496e-03 -1.000 1.476e-02 9.939 16.322 13.228 11.741 10.366 9.601
0.01471 0.00000 9.60206 0.3448397517 2.0348779986    0.345 -1.926  3.5115  4.900    1  0.000  0.545     0.00     0.00     0.00     0.00     0.00 -1 -9.01e-16      0.00 7.104e-01 2.748e-01 2.655e-03 7.163e-04 6.496e-03 -1.000 1.476e-02 9.585 15.741 12.721 11.257 9.956 9.232
0.01471 0.00000 9.60206 0.3500000238 2.0434175133    0.350 -1.910  3.5123  4.894    0  0.000  0.545     0.00     0.00     0.00     0.00     0.00 -1 -9.33e-16      0.00 7.106e-01 2.747e-01 2.655e-03 7.163e-04 6.496e-03 -1.000 1.476e-02 9.546 15.680 12.667 11.206 9.913 9.192
0.01471 0.00000 9.60206 0.4000000358 2.1185024810    0.400 -1.768  3.5235  4.854    0  0.000  0.545     0.00     0.00     0.00     0.00     0.00 -1 -1.27e-15      0.00 7.107e-01 2.746e-01 2.655e-03 7.163e-04 6.496e-03 -1.000 1.476e-02 9.190 15.060 12.115 10.678 9.485 8.819
0.01471 0.00000 9.60206 0.4500000179 2.1822809362    0.450 -1.618  3.5355  4.803    1  0.000  0.545     0.00     0.00     0.00     0.00     0.00 -1 -1.79e-15      0.00 7.107e-01 2.745e-01 2.655e-03 7.163e-04 6.496e-03 -1.000 1.476e-02 8.815 14.447 11.553 10.143 9.046 8.432
0.01471 0.00000 9.60206 0.5000000000 2.2374541529    0.500 -1.462  3.5505  4.753    1  0.000  0.545     0.00     0.00     0.00     0.00     0.00 -1 -2.58e-15      0.00 7.107e-01 2.745e-01 2.655e-03 7.163e-04 6.496e-03 -1.000 1.476e-02 8.425 13.819 10.956 9.569 8.584 8.032
0.01471 0.00000 9.60206 0.5269051790 2.2635692747    0.527 -1.371  3.5610  4.726    1  0.000  0.545     0.00     0.00     0.00     0.00     0.00 -1 -3.19e-15      0.00 7.156e-01 2.699e-01 2.613e-03 7.050e-04 6.394e-03 -1.000 1.453e-02 8.197 13.452 10.593 9.215 8.309 7.801
0.01471 0.00000 9.60206 0.5500000119 2.2836582633    0.550 -1.296  3.5697  4.704    1  0.000  0.545     0.00     0.00     0.00     0.00     0.00 -1 -3.81e-15      0.00 7.201e-01 2.655e-01 2.573e-03 6.943e-04 6.298e-03 -1.000 1.433e-02 8.009 13.159 10.296 8.923 8.083 7.612
0.01471 0.00000 9.60206 0.6000000238 2.3211213258    0.600 -1.130  3.5933  4.671    1  0.000  0.545     0.00     0.00     0.00     0.00     0.00 -1 -5.56e-15      0.00 7.215e-01 2.642e-01 2.562e-03 6.913e-04 6.270e-03 -1.000 1.426e-02 7.594 12.487 9.609 8.262 7.583 7.205
0.01471 0.00000 9.60206 0.6499999762 2.3520353107    0.650 -0.962  3.6216  4.652    1  0.000  0.545     0.00     0.00     0.00     0.00     0.00 -1 -8.02e-15      0.00 7.229e-01 2.629e-01 2.551e-03 6.884e-04 6.244e-03 -1.000 1.423e-02 7.176 11.777 8.886 7.612 7.089 6.802
0.01471 0.00000 9.60206 0.7000000477 2.3779267258    0.700 -0.802  3.6507  4.640    1  0.000  0.545     0.00     0.00     0.00     0.00     0.00 -1 -1.13e-14      0.00 7.241e-01 2.617e-01 2.541e-03 6.857e-04 6.221e-03 -1.000 1.412e-02 6.775 10.898 8.137 6.998 6.623 6.420
0.01471 0.00000 9.60206 0.7274257541 2.3904030378    0.727 -0.716  3.6666  4.635    1  0.000  0.540     0.00     0.00     0.00     0.00     0.00 -1 -1.36e-14      0.00 7.249e-01 2.610e-01 2.516e-03 6.836e-04 6.207e-03 -1.000 1.413e-02 6.561 10.308 7.735 6.697 6.381 6.212
0.01471 0.00000 9.60206 0.7500000000 2.3998889087    0.750 -0.648  3.6793  4.630    1  0.000  0.537     0.00     0.00     0.00     0.00     0.00 -1 -1.58e-14      0.00 7.255e-01 2.604e-01 2.496e-03 6.820e-04 6.197e-03 -1.000 1.410e-02 6.390 9.831 7.426 6.472 6.192 6.046
0.01471 0.00000 9.60206 0.7906894088 2.4154241745    0.790 -0.533  3.6969  4.608    1  0.000  0.537     0.00     0.00     0.00     0.00     0.00 -1 -2.05e-14      0.00 7.271e-01 2.589e-01 2.483e-03 6.785e-04 6.166e-03 -1.000 1.404e-02 6.102 9.164 6.976 6.129 5.890 5.772
0.01471 0.00000 9.60206 0.8000000119 2.4187244405    0.800 -0.507  3.7008  4.603    1  0.000  0.537     0.00     0.00     0.00     0.00     0.00 -1 -2.18e-14      0.00 7.275e-01 2.585e-01 2.481e-03 6.777e-04 6.159e-03 -1.000 1.403e-02 6.038 9.015 6.877 6.055 5.824 5.711
0.01471 0.00000 9.60206 0.8058202863 2.4207430226    0.806 -0.491  3.7032  4.600    1  0.000  0.537     0.00     0.00     0.00     0.00     0.00 -1 -2.26e-14      0.00 7.277e-01 2.582e-01 2.478e-03 6.771e-04 6.153e-03 -1.000 1.402e-02 5.997 8.927 6.819 6.009 5.782 5.673
0.01471 0.00000 9.60206 0.8500000238 2.4350346840    0.850 -0.371  3.7209  4.573    1  0.000  0.537     0.00     0.00     0.00     0.00     0.00 -1 -2.99e-14      0.00 7.298e-01 2.563e-01 2.463e-03 6.729e-04 6.115e-03 -1.000 1.391e-02 5.697 8.282 6.389 5.672 5.479 5.394
0.01471 0.00000 9.60206 0.8678623438 2.4403401403    0.867 -0.323  3.7274  4.561    1  0.000  0.537     0.00     0.00     0.00     0.00     0.00 -1 -3.35e-14      0.00 7.308e-01 2.553e-01 2.454e-03 6.707e-04 6.095e-03 -1.000 1.386e-02 5.577 8.045 6.230 5.544 5.360 5.284
0.01471 0.00000 9.60206 0.8999999762 2.4492786016    0.899 -0.238  3.7389  4.538    1  0.000  0.537     0.00     0.00     0.00     0.00     0.00 -1 -4.11e-14      0.00 7.327e-01 2.536e-01 2.439e-03 6.666e-04 6.059e-03 -1.000 1.373e-02 5.366 7.634 5.949 5.317 5.153 5.092
0.01471 0.00000 9.60206 0.9075201154 2.4512653501    0.907 -0.219  3.7414  4.532    1  0.000  0.537     0.00     0.00     0.00     0.00     0.00 -1 -4.31e-14      0.00 7.332e-01 2.531e-01 2.435e-03 6.654e-04 6.048e-03 -1.000 1.371e-02 5.317 7.541 5.885 5.266 5.106 5.047
0.01471 0.00000 9.60206 0.9304930568 2.4571065131    0.930 -0.159  3.7487  4.512    1  0.000  0.537     0.00     0.00     0.00     0.00     0.00 -1    -5e-14      0.00 7.350e-01 2.514e-01 2.421e-03 6.617e-04 6.015e-03 -1.000 1.365e-02 5.167 7.251 5.695 5.113 4.965 4.915
0.01471 0.00000 9.60206 0.9499999881 2.4618121868    0.949 -0.108  3.7548  4.495    1  0.000  0.537     0.00     0.00     0.00     0.00     0.00 -1 -5.68e-14      0.00 7.365e-01 2.499e-01 2.409e-03 6.584e-04 5.986e-03 -1.000 1.359e-02 5.041 7.023 5.539 4.986 4.846 4.804
0.01471 0.00000 9.60206 0.9517236948 2.4622173439    0.951 -0.104  3.7553  4.493    1  0.000  0.537     0.00     0.00     0.00     0.00     0.00 -1 -5.74e-14      0.00 7.367e-01 2.497e-01 2.407e-03 6.581e-04 5.982e-03 -1.000 1.359e-02 5.030 7.004 5.526 4.974 4.836 4.794
0.01471 0.00000 9.60206 0.9713197351 2.4667073733    0.971 -0.053  3.7609  4.474    1  0.000  0.536     0.00     0.00     0.00     0.00     0.00 -1 -6.53e-14      0.00 7.387e-01 2.478e-01 2.391e-03 6.538e-04 5.944e-03 -1.000 1.352e-02 4.903 6.790 5.373 4.847 4.717 4.681
0.01471 0.00000 9.60206 0.9895760417 2.4707069486    0.989 -0.006  3.7658  4.455    1  0.000  0.536     0.00     0.00     0.00     0.00     0.00 -1 -7.37e-14      0.00 7.406e-01 2.459e-01 2.376e-03 6.495e-04 5.905e-03 -1.000 1.343e-02 4.785 6.600 5.233 4.730 4.607 4.578
0.01471 0.00000 9.60206 1.0000000000 2.4729154477    1.000  0.021  3.7686  4.444    1  0.000  0.536     0.00     0.00     0.00     0.00     0.00 -1  -7.9e-14      0.00 7.418e-01 2.448e-01 2.366e-03 6.470e-04 5.883e-03 -1.000 1.337e-02 4.718 6.494 5.154 4.663 4.545 4.519
0.01471 0.00000 9.60206 1.0183119774 2.4766695500    1.018  0.068  3.7730  4.422    1  0.000  0.536     0.00     0.00     0.00     0.00     0.00 -1  -8.7e-14      0.00 7.446e-01 2.421e-01 2.344e-03 6.410e-04 5.829e-03 -1.000 1.327e-02 4.600 6.316 5.016 4.546 4.436 4.415
0.01471 0.00000 9.60206 1.0360548496 2.4801617912    1.035  0.113  3.7772  4.400    1  0.000  0.536     0.00     0.00     0.00     0.00     0.00 -1 -9.56e-14      0.00 7.475e-01 2.394e-01 2.321e-03 6.348e-04 5.774e-03 -1.000 1.315e-02 4.487 6.149 4.885 4.434 4.330 4.315
0.01471 0.00000 9.60206 1.0499999523 2.4828114860    1.049  0.149  3.7802  4.383    1  0.000  0.536     0.00     0.00     0.00     0.00     0.00 -1 -1.03e-13      0.00 7.499e-01 2.371e-01 2.302e-03 6.296e-04 5.727e-03 -1.000 1.305e-02 4.397 6.022 4.782 4.346 4.247 4.235
0.01471 0.00000 9.60206 1.0630805492 2.4852243921    1.062  0.183  3.7829  4.365    1  0.000  0.536     0.00     0.00     0.00     0.00     0.00 -1 -1.11e-13      0.00 7.529e-01 2.342e-01 2.277e-03 6.230e-04 5.668e-03 -1.000 1.290e-02 4.314 5.910 4.689 4.264 4.169 4.160
0.01471 0.00000 9.60206 1.0793995857 2.4881405864    1.078  0.224  3.7860  4.343    1  0.000  0.535     0.00     0.00     0.00     0.00     0.00 -1 -1.21e-13      0.00 7.571e-01 2.302e-01 2.244e-03 6.142e-04 5.589e-03 -1.000 1.272e-02 4.209 5.775 4.573 4.162 4.072 4.066
0.01471 0.00000 9.60206 1.0944631100 2.4907438482    1.093  0.262  3.7886  4.321    1  0.000  0.535     0.00     0.00     0.00     0.00     0.00 -1 -1.31e-13      0.00 7.611e-01 2.264e-01 2.213e-03 6.056e-04 5.512e-03 -1.000 1.254e-02 4.114 5.654 4.467 4.068 3.982 3.980
0.01471 0.00000 9.60206 1.1000000238 2.4916801480    1.099  0.276  3.7895  4.313    1  0.000  0.535     0.00     0.00     0.00     0.00     0.00 -1 -1.35e-13      0.00 7.626e-01 2.249e-01 2.200e-03 6.023e-04 5.483e-03 -1.000 1.247e-02 4.079 5.610 4.429 4.034 3.949 3.948
0.01471 0.00000 9.60206 1.1026761532 2.4921288108    1.102  0.283  3.7899  4.309    1  0.000  0.535     0.00     0.00     0.00     0.00     0.00 -1 -1.37e-13      0.00 7.630e-01 2.246e-01 2.199e-03 6.019e-04 5.479e-03 -1.000 1.247e-02 4.063 5.589 4.411 4.017 3.934 3.933
0.01471 0.00000 9.60206 1.1173439026 2.4945440788    1.116  0.318  3.7920  4.287    1  0.000  0.535     0.00     0.00     0.00     0.00     0.00 -1 -1.48e-13      0.00 7.646e-01 2.229e-01 2.190e-03 6.000e-04 5.461e-03 -1.000 1.244e-02 3.974 5.484 4.315 3.930 3.850 3.851
0.01471 0.00000 9.60206 1.1310360432 2.4967338065    1.130  0.350  3.7934  4.266    1  0.000  0.534     0.00     0.00     0.00     0.00     0.00 -1 -1.58e-13      0.00 7.659e-01 2.217e-01 2.186e-03 5.993e-04 5.452e-03 -1.000 1.242e-02 3.894 5.391 4.229 3.851 3.773 3.776
0.01471 0.00000 9.60206 1.1432493925 2.4986362244    1.142  0.379  3.7946  4.247    1  0.000  0.534     0.00     0.00     0.00     0.00     0.00 -1 -1.68e-13      0.00 7.668e-01 2.208e-01 2.184e-03 5.992e-04 5.450e-03 -1.000 1.241e-02 3.822 5.310 4.152 3.779 3.704 3.708
0.01471 0.00000 9.60206 1.1499999762 2.4996678137    1.149  0.396  3.7953  4.235    1  0.000  0.534     0.00     0.00     0.00     0.00     0.00 -1 -1.75e-13      0.00 7.671e-01 2.205e-01 2.184e-03 5.995e-04 5.452e-03 -1.000 1.242e-02 3.779 5.262 4.107 3.738 3.663 3.668
0.01471 0.00000 9.60206 1.1730642319 2.5030895894    1.172  0.443  3.7950  4.196    1  0.000  0.534     0.00     0.00     0.00     0.00     0.00 -1 -1.93e-13      0.00 7.657e-01 2.217e-01 2.202e-03 6.038e-04 5.501e-03 -1.000 1.255e-02 3.663 5.150 3.991 3.621 3.546 3.550
0.01471 0.00000 9.60206 1.1887499094 2.5053296568    1.188  0.471  3.7939  4.169    1  0.000  0.533     0.00     0.00     0.00     0.00     0.00 -1 -2.05e-13      0.00 7.652e-01 2.223e-01 2.212e-03 6.053e-04 5.529e-03 -1.000 1.258e-02 3.592 5.089 3.923 3.549 3.473 3.476
0.01471 0.00000 9.60206 1.1934354305 2.5059856736    1.192  0.489  3.7949  4.157    1  0.000  0.533     0.00     0.00     0.00     0.00     0.00 -1 -2.13e-13      0.00 7.650e-01 2.224e-01 2.215e-03 6.057e-04 5.537e-03 -1.000 1.259e-02 3.548 5.038 3.875 3.506 3.431 3.435
0.01471 0.00000 9.60206 1.1969113350 2.5064685185    1.196  0.506  3.7963  4.147    1  0.000  0.533     0.00     0.00     0.00     0.00     0.00 -1 -2.23e-13      0.00 7.651e-01 2.223e-01 2.215e-03 6.056e-04 5.539e-03 -1.000 1.258e-02 3.505 4.983 3.827 3.463 3.391 3.397
0.01471 0.00000 9.60206 1.1991056204 2.5067716740    1.198  0.522  3.7979  4.138    1  0.000  0.533     0.00     0.00     0.00     0.00     0.00 -1 -2.32e-13      0.00 7.653e-01 2.221e-01 2.215e-03 6.053e-04 5.539e-03 -1.000 1.258e-02 3.465 4.930 3.781 3.425 3.355 3.362
0.01471 0.00000 9.60206 1.2000000477 2.5068948796    1.199  0.531  3.7989  4.134    1  0.000  0.533     0.00     0.00     0.00     0.00     0.00 -1 -2.37e-13      0.00 7.654e-01 2.220e-01 2.214e-03 6.051e-04 5.538e-03 -1.000 1.257e-02 3.443 4.901 3.756 3.404 3.335 3.344
0.01471 0.00000 9.60206 1.2019076347 2.5071569415    1.201  0.538  3.7993  4.129    1  0.000  0.533     0.00     0.00     0.00     0.00     0.00 -1 -2.41e-13      0.00 7.654e-01 2.221e-01 2.215e-03 6.051e-04 5.539e-03 -1.000 1.257e-02 3.426 4.881 3.737 3.386 3.319 3.328
0.01471 0.00000 9.60206 1.2060681581 2.5077252033    1.205  0.565  3.8011  4.111    1  0.000  0.533     0.00     0.00     0.00     0.00     0.00 -1  -2.6e-13      0.00 7.652e-01 2.223e-01 2.216e-03 6.054e-04 5.544e-03 -1.000 1.258e-02 3.359 4.801 3.663 3.321 3.256 3.267
0.01471 0.00000 9.60206 1.2314317226 2.5110941637    1.230  0.638  3.7989  4.037    2  0.000  0.532     0.00     0.00     0.00     0.00     0.00 -1 -3.15e-13      0.00 7.637e-01 2.237e-01 2.228e-03 6.078e-04 5.578e-03 -1.000 1.264e-02 3.174 4.638 3.485 3.134 3.067 3.075
0.01471 0.00000 9.60206 1.2478899956 2.5131962065    1.247  0.683  3.7955  3.985    2  0.000  0.532     0.00     0.00     0.00     0.00     0.00 -1 -3.55e-13      0.00 7.628e-01 2.245e-01 2.235e-03 6.094e-04 5.600e-03 -1.000 1.268e-02 3.063 4.557 3.384 3.020 2.948 2.953
0.01471 0.00000 9.60206 1.2500000000 2.5134610955    1.249  0.689  3.7950  3.978    2  0.000  0.532     0.00     0.00     0.00     0.00     0.00 -1 -3.61e-13      0.00 7.627e-01 2.247e-01 2.236e-03 6.096e-04 5.602e-03 -1.000 1.269e-02 3.049 4.547 3.371 3.006 2.932 2.936
0.01471 0.00000 9.60206 1.2650675774 2.5153231726    1.264  0.724  3.7878  3.919    2  0.000  0.532     0.00     0.00     0.00     0.00     0.00 -1 -4.02e-13      0.00 7.608e-01 2.264e-01 2.250e-03 6.133e-04 5.635e-03 -1.000 1.278e-02 2.960 4.522 3.306 2.912 2.827 2.824
0.01471 0.00000 9.60206 1.2757109404 2.5166080556    1.275  0.741  3.7777  3.866    2  0.000  0.533     0.00     0.00     0.00     0.00     0.00 -1 -4.32e-13      0.00 7.541e-01 2.329e-01 2.298e-03 6.261e-04 5.750e-03 -1.000 1.306e-02 2.918 4.581 3.303 2.867 2.766 2.751
0.01471 0.00000 9.60206 1.2847974300 2.5176856405    1.284  0.724  3.7600  3.815    2  0.000  0.534     0.00     0.00     0.00     0.00     0.00 -1 -4.32e-13      0.00 7.391e-01 2.473e-01 2.405e-03 6.546e-04 6.006e-03 -1.000 1.361e-02 2.960 4.830 3.422 2.909 2.780 2.743
0.01471 0.00000 9.60206 1.2908169031 2.5183899026    1.290  0.688  3.7410  3.776    2  0.000  0.535     0.00     0.00     0.00     0.00     0.00 -1  -4.1e-13      0.00 7.267e-01 2.592e-01 2.498e-03 6.792e-04 6.226e-03 -1.000 1.413e-02 3.049 5.193 3.605 3.009 2.851 2.791
0.01471 0.00000 9.60206 1.2936491966 2.5187186669    1.293  0.670  3.7303  3.752    2  0.000  0.535     0.00     0.00     0.00     0.00     0.00 -1 -4.01e-13      0.00 7.221e-01 2.636e-01 2.532e-03 6.883e-04 6.307e-03 -1.000 1.432e-02 3.094 5.397 3.708 3.067 2.892 2.818
0.01471 0.00000 9.60206 1.2952982187 2.5189093192    1.294  0.661  3.7239  3.737    2  0.000  0.535     0.00     0.00     0.00     0.00     0.00 -1 -3.97e-13      0.00 7.199e-01 2.657e-01 2.548e-03 6.926e-04 6.345e-03 -1.000 1.441e-02 3.118 5.524 3.770 3.102 2.916 2.833
0.01471 0.00000 9.60206 1.2966420650 2.5190642761    1.296  0.659  3.7194  3.721    2  0.000  0.535     0.00     0.00     0.00     0.00     0.00 -1 -4.01e-13      0.00 7.184e-01 2.672e-01 2.557e-03 6.953e-04 6.368e-03 -1.000 1.446e-02 3.122 5.600 3.800 3.113 2.919 2.830
0.01471 0.00000 9.60206 1.2976233959 2.5191771988    1.297  0.664  3.7167  3.706    2  0.000  0.535     0.00     0.00     0.00     0.00     0.00 -1  -4.1e-13      0.00 7.175e-01 2.680e-01 2.561e-03 6.968e-04 6.380e-03 -1.000 1.448e-02 3.111 5.635 3.807 3.108 2.910 2.817
0.01471 0.00000 9.60206 1.2988113165 2.5193136314    1.298  0.670  3.7136  3.688    2  0.000  0.535     0.00     0.00     0.00     0.00     0.00 -1 -4.23e-13      0.00 7.164e-01 2.691e-01 2.565e-03 6.983e-04 6.392e-03 -1.000 1.451e-02 3.095 5.671 3.810 3.098 2.895 2.797
0.01471 0.00000 9.60206 1.2999999523 2.5194498592    1.299  0.677  3.7106  3.669    2  0.000  0.535     0.00     0.00     0.00     0.00     0.00 -1 -4.36e-13      0.00 7.154e-01 2.701e-01 2.569e-03 6.999e-04 6.404e-03 -1.000 1.453e-02 3.078 5.705 3.812 3.086 2.878 2.777
0.01471 0.00000 9.60206 1.3015419245 2.5196261560    1.301  0.685  3.7072  3.648    2  0.000  0.535     0.00     0.00     0.00     0.00     0.00 -1 -4.53e-13      0.00 7.142e-01 2.712e-01 2.573e-03 7.017e-04 6.419e-03 -1.000 1.456e-02 3.057 5.744 3.815 3.073 2.859 2.752
0.01471 0.00000 9.60206 1.3020986319 2.5196896876    1.301  0.691  3.7063  3.639    2  0.000  0.534     0.00     0.00     0.00     0.00     0.00 -1 -4.62e-13      0.00 7.138e-01 2.716e-01 2.574e-03 7.023e-04 6.422e-03 -1.000 1.457e-02 3.043 5.746 3.807 3.062 2.846 2.738
0.01471 0.00000 9.60206 1.3051441908 2.5200361444    1.304  0.734  3.7031  3.584    3  0.000  0.519     0.00     0.00     0.00     0.00     0.00 -1 -5.38e-13      0.00 7.108e-01 2.746e-01 2.506e-03 7.573e-04 6.438e-03 -1.000 1.462e-02 2.935 5.688 3.720 2.961 2.740 2.627
0.01471 0.00000 9.60206 1.3080632687 2.5203664722    1.307  0.782  3.7006  3.527    3  0.000  0.487     0.00     0.00     0.00     0.00     0.00 -1 -6.36e-13      0.00 7.074e-01 2.780e-01 2.361e-03 9.148e-04 6.451e-03 -1.000 1.465e-02 2.815 5.606 3.617 2.848 2.622 2.504
0.01471 0.00000 9.60206 1.3110365868 2.5207011994    1.310  0.837  3.6984  3.463    3  0.000  0.452     0.00     0.00     0.00     0.00     0.00 -1  -7.7e-13      0.00 7.036e-01 2.817e-01 2.194e-03 1.120e-03 6.461e-03 -1.000 1.472e-02 2.676 5.506 3.495 2.715 2.485 2.364
0.01471 0.00000 9.60206 1.3135385513 2.5209815134    1.313  0.890  3.6966  3.405    3  0.000  0.431     0.00     0.00     0.00     0.00     0.00 -1 -9.23e-13      0.00 7.006e-01 2.847e-01 2.094e-03 1.246e-03 6.468e-03 -1.000 1.473e-02 2.545 5.410 3.377 2.589 2.355 2.231
0.01471 0.00000 9.60206 1.3158315420 2.5212373381    1.315  0.943  3.6948  3.345    3  0.000  0.418     0.00     0.00     0.00     0.00     0.00 -1 -1.11e-12      0.00 6.980e-01 2.872e-01 2.029e-03 1.328e-03 6.473e-03 -1.000 1.478e-02 2.412 5.312 3.258 2.461 2.224 2.097
0.01471 0.00000 9.60206 1.3178474903 2.5214614081    1.317  0.995  3.6930  3.287    3  0.000  0.409     0.00     0.00     0.00     0.00     0.00 -1 -1.33e-12      0.00 6.963e-01 2.889e-01 1.990e-03 1.377e-03 6.476e-03 -1.000 1.483e-02 2.283 5.217 3.142 2.336 2.096 1.966
0.01471 0.00000 9.60206 1.3197343349 2.5216704155    1.319  1.049  3.6911  3.226    3  0.000  0.404     0.00     0.00     0.00     0.00     0.00 -1  -1.6e-12      0.00 6.950e-01 2.901e-01 1.965e-03 1.408e-03 6.478e-03 -1.000 1.483e-02 2.148 5.119 3.022 2.207 1.963 1.830
0.01471 0.00000 9.60206 1.3213032484 2.5218436827    1.320  1.098  3.6892  3.170    3  0.000  0.401     0.00     0.00     0.00     0.00     0.00 -1 -1.91e-12      0.00 6.943e-01 2.909e-01 1.951e-03 1.426e-03 6.479e-03 -1.000 1.479e-02 2.025 5.032 2.914 2.089 1.841 1.705
0.01471 0.00000 9.60206 1.3227517605 2.5220032334    1.322  1.148  3.6872  3.112    3  0.000  0.399     0.00     0.00     0.00     0.00     0.00 -1 -2.28e-12      0.00 6.939e-01 2.913e-01 1.942e-03 1.438e-03 6.481e-03 -1.000 1.478e-02 1.900 4.948 2.806 1.971 1.718 1.579
0.01471 0.00000 9.60206 1.3240166903 2.5221422346    1.323  1.196  3.6852  3.057    3  0.000  0.398     0.00     0.00     0.00     0.00     0.00 -1  -2.7e-12      0.00 6.936e-01 2.916e-01 1.936e-03 1.445e-03 6.481e-03 -1.000 1.482e-02 1.781 4.869 2.704 1.858 1.601 1.459
0.01471 0.00000 9.60206 1.3251354694 2.5222649213    1.324  1.242  3.6832  3.002    3  0.000  0.398     0.00     0.00     0.00     0.00     0.00 -1 -3.19e-12      0.00 6.935e-01 2.917e-01 1.933e-03 1.448e-03 6.481e-03 -1.000 1.480e-02 1.664 4.795 2.605 1.748 1.487 1.341
0.01471 0.00000 9.60206 1.3261249065 2.5223732258    1.325  1.287  3.6812  2.950    3  0.000  0.397     0.00     0.00     0.00     0.00     0.00 -1 -3.75e-12      0.00 6.934e-01 2.918e-01 1.931e-03 1.451e-03 6.482e-03 -1.000 1.476e-02 1.552 4.724 2.509 1.642 1.377 1.228
0.01471 0.00000 9.60206 1.3270016909 2.5224690440    1.326  1.331  3.6791  2.898    3  0.000  0.397     0.00     0.00     0.00     0.00     0.00 -1 -4.38e-12      0.00 6.934e-01 2.918e-01 1.930e-03 1.452e-03 6.482e-03 -1.000 1.476e-02 1.443 4.657 2.417 1.540 1.271 1.118
0.01471 0.00000 9.60206 1.3278077841 2.5225570085    1.327  1.374  3.6770  2.846    3  0.000  0.397     0.00     0.00     0.00     0.00     0.00 -1 -5.14e-12      0.00 6.934e-01 2.918e-01 1.930e-03 1.453e-03 6.482e-03 -1.000 1.476e-02 1.334 4.593 2.326 1.438 1.165 1.008
0.01471 0.00000 9.60206 1.3285479546 2.5226376711    1.327  1.418  3.6748  2.795    3  0.000  0.397     0.00     0.00     0.00     0.00     0.00 -1 -6.01e-12      0.00 6.934e-01 2.918e-01 1.929e-03 1.454e-03 6.482e-03 -1.000 1.476e-02 1.226 4.531 2.237 1.338 1.061 0.900
0.01471 0.00000 9.60206 1.3292015791 2.5227088162    1.328  1.458  3.6727  2.746    3  0.000  0.396     0.00     0.00     0.00     0.00     0.00 -1 -6.97e-12      0.00 6.934e-01 2.918e-01 1.928e-03 1.454e-03 6.482e-03 -1.000 1.476e-02 1.124 4.473 2.154 1.244 0.962 0.798
0.01471 0.00000 9.60206 1.3298175335 2.5227757874    1.329  1.499  3.6706  2.697    3  0.000  0.396     0.00     0.00     0.00     0.00     0.00 -1 -8.07e-12      0.00 6.934e-01 2.918e-01 1.928e-03 1.455e-03 6.483e-03 -1.000 1.476e-02 1.023 4.417 2.071 1.151 0.864 0.696
0.01471 0.00000 9.60206 1.3303921223 2.5228381967    1.329  1.535  3.6686  2.654    3  0.000  0.396     0.00     0.00     0.00     0.00     0.00 -1  -9.2e-12      0.00 6.934e-01 2.918e-01 1.927e-03 1.456e-03 6.483e-03 -1.000 1.476e-02 0.934 4.370 2.000 1.069 0.779 0.607
0.01471 0.00000 9.60206 1.3309861422 2.5229026514    1.330  1.569  3.6668  2.612    3  0.000  0.396     0.00     0.00     0.00     0.00     0.00 -1 -1.04e-11      0.00 6.934e-01 2.918e-01 1.926e-03 1.456e-03 6.483e-03 -1.000 1.476e-02 0.848 4.325 1.931 0.991 0.696 0.521
0.01471 0.00000 9.60206 1.3314999342 2.5229583475    1.330  1.590  3.6657  2.587    3  0.000  0.396     0.00     0.00     0.00     0.00     0.00 -1 -1.13e-11      0.00 6.934e-01 2.918e-01 1.926e-03 1.457e-03 6.483e-03 -1.000 1.476e-02 0.795 4.296 1.889 0.943 0.646 0.469
0.01471 0.00000 9.60206 1.3318473101 2.5229959758    1.330  1.573  3.6669  2.608    3  0.000  0.396     0.00     0.00     0.00     0.00     0.00 -1 -1.07e-11      0.00 6.934e-01 2.918e-01 1.926e-03 1.457e-03 6.483e-03 -1.000 1.476e-02 0.837 4.312 1.919 0.980 0.685 0.510
0.01471 0.00000 9.60206 1.3323292732 2.5230481454    1.331  1.538  3.6692  2.654    3  0.000  0.396     0.00     0.00     0.00     0.00     0.00 -1 -9.39e-12      0.00 6.934e-01 2.918e-01 1.925e-03 1.458e-03 6.483e-03 -1.000 1.476e-02 0.926 4.348 1.986 1.059 0.770 0.599
0.01471 0.00000 9.60206 1.3323594332 2.5230514086    1.331  1.535  3.6694  2.657    3  0.000  0.396     0.00     0.00     0.00     0.00     0.00 -1 -9.28e-12      0.00 6.934e-01 2.918e-01 1.925e-03 1.458e-03 6.483e-03 -1.000 1.476e-02 0.932 4.351 1.990 1.065 0.776 0.605
0.01471 0.00000 9.60206 1.3324372768 2.5230598302    1.331  1.541  3.6690  2.649    3  0.000  0.396     0.00     0.00     0.00     0.00     0.00 -1 -9.45e-12      0.00 6.934e-01 2.918e-01 1.925e-03 1.458e-03 6.483e-03 -1.000 1.476e-02 0.917 4.343 1.978 1.051 0.761 0.590
0.01471 0.00000 9.60206 1.3329616785 2.5231165337    1.331  1.586  3.6665  2.594    3  0.000  0.396     0.00     0.00     0.00     0.00     0.00 -1  -1.1e-11      0.00 6.934e-01 2.918e-01 1.924e-03 1.459e-03 6.483e-03 -1.000 1.476e-02 0.805 4.287 1.890 0.949 0.654 0.478
0.01471 0.00000 9.60206 1.3334988356 2.5231745632    1.332  1.633  3.6638  2.537    3  0.000  0.396     0.00     0.00     0.00     0.00     0.00 -1 -1.31e-11      0.00 6.934e-01 2.918e-01 1.924e-03 1.459e-03 6.484e-03 -1.000 1.476e-02 0.688 4.230 1.799 0.844 0.543 0.362
0.01471 0.00000 9.60206 1.3339867592 2.5232272275    1.332  1.677  3.6612  2.482    3  0.000  0.395     0.00     0.00     0.00     0.00     0.00 -1 -1.54e-11      0.00 6.934e-01 2.918e-01 1.923e-03 1.460e-03 6.484e-03 -1.000 1.476e-02 0.576 4.182 1.713 0.742 0.435 0.250
0.01471 0.00000 9.60206 1.3344378471 2.5232758764    1.333  1.722  3.6585  2.427    3  0.000  0.395     0.00     0.00     0.00     0.00     0.00 -1 -1.82e-11      0.00 6.934e-01 2.918e-01 1.923e-03 1.460e-03 6.484e-03 -1.000 1.476e-02 0.465 4.150 1.631 0.642 0.328 0.138
0.01471 0.00000 9.60206 1.3348566294 2.5233210074    1.333  1.767  3.6558  2.371    3  0.000  0.395     0.00     0.00     0.00     0.00     0.00 -1 -2.15e-11      0.00 6.934e-01 2.918e-01 1.923e-03 1.461e-03 6.484e-03 -1.000 1.476e-02 0.353 4.120 1.550 0.542 0.221 0.026
0.01471 0.00000 9.60206 1.3352361917 2.5233618837    1.333  1.811  3.6530  2.316    3  0.000  0.395     0.00     0.00     0.00     0.00     0.00 -1 -2.53e-11      0.00 6.934e-01 2.918e-01 1.922e-03 1.461e-03 6.484e-03 -1.000 1.476e-02 0.243 4.094 1.472 0.444 0.116 -0.084
0.01471 0.00000 9.60206 1.3355871439 2.5233996551    1.334  1.855  3.6502  2.261    3  0.000  0.395     0.00     0.00     0.00     0.00     0.00 -1 -2.98e-11      0.00 6.934e-01 2.918e-01 1.922e-03 1.462e-03 6.484e-03 -1.000 1.476e-02 0.133 4.068 1.394 0.346 0.011 -0.194
0.01471 0.00000 9.60206 1.3359179497 2.5234352373    1.334  1.899  3.6474  2.205    3  0.000  0.395     0.00     0.00     0.00     0.00     0.00 -1 -3.52e-11      0.00 6.934e-01 2.918e-01 1.922e-03 1.462e-03 6.484e-03 -1.000 1.476e-02 0.022 4.047 1.318 0.249 -0.094 -0.305
0.01471 0.00000 9.60206 1.3362140656 2.5234670710    1.334  1.943  3.6446  2.151    3  0.000  0.395     0.00     0.00     0.00     0.00     0.00 -1 -4.14e-11      0.00 6.934e-01 2.918e-01 1.921e-03 1.462e-03 6.484e-03 -1.000 1.476e-02 -0.087 4.028 1.244 0.156 -0.196 -0.412
0.01471 0.00000 9.60206 1.3364853859 2.5234962249    1.334  1.986  3.6418  2.097    3  0.000  0.395     0.00     0.00     0.00     0.00     0.00 -1 -4.87e-11      0.00 6.934e-01 2.918e-01 1.921e-03 1.463e-03 6.484e-03 -1.000 1.476e-02 -0.194 4.011 1.172 0.062 -0.297 -0.519
0.01471 0.00000 9.60206 1.3367341757 2.5235229458    1.334  2.028  3.6389  2.042    3  0.000  0.395     0.00     0.00     0.00     0.00     0.00 -1 -5.71e-11      0.00 6.934e-01 2.918e-01 1.921e-03 1.463e-03 6.484e-03 -1.000 1.476e-02 -0.301 3.998 1.102 -0.028 -0.397 -0.625
0.01471 0.00000 9.60206 1.3369669914 2.5235479407    1.334  2.072  3.6359  1.987    3  0.000  0.395     0.00     0.00     0.00     0.00     0.00 -1 -6.73e-11      0.00 6.934e-01 2.918e-01 1.921e-03 1.463e-03 6.485e-03 -1.000 1.476e-02 -0.410 3.979 1.033 -0.118 -0.497 -0.731
0.01471 0.00000 9.60206 1.3371750116 2.5235702651    1.334  2.114  3.6330  1.933    3  0.000  0.395     0.00     0.00     0.00     0.00     0.00 -1 -7.88e-11      0.00 6.934e-01 2.918e-01 1.920e-03 1.463e-03 6.485e-03 -1.000 1.476e-02 -0.515 3.934 0.964 -0.205 -0.593 -0.833
0.01471 0.00000 9.60206 1.3373732567 2.5235915330    1.334  2.157  3.6300  1.878    3  0.000  0.395     0.00     0.00     0.00     0.00     0.00 -1 -9.28e-11      0.00 6.934e-01 2.918e-01 1.920e-03 1.464e-03 6.485e-03 -1.000 1.476e-02 -0.623 3.885 0.892 -0.296 -0.692 -0.937
0.01471 0.00000 9.60206 1.3375505209 2.5236105440    1.334  2.199  3.6270  1.825    3  0.000  0.395     0.00     0.00     0.00     0.00     0.00 -1 -1.09e-10      0.00 6.934e-01 2.918e-01 1.920e-03 1.464e-03 6.485e-03 -1.000 1.476e-02 -0.727 3.835 0.824 -0.378 -0.785 -1.037
0.01471 0.00000 9.60206 1.3377161026 2.5236282968    1.334  2.241  3.6240  1.770    3  0.000  0.395     0.00     0.00     0.00     0.00     0.00 -1 -1.27e-10      0.00 6.934e-01 2.918e-01 1.920e-03 1.464e-03 6.485e-03 -1.000 1.476e-02 -0.832 3.783 0.756 -0.463 -0.879 -1.137
0.01471 0.00000 9.60206 1.3378690481 2.5236446903    1.334  2.283  3.6210  1.716    3  0.000  0.395     0.00     0.00     0.00     0.00     0.00 -1 -1.49e-10      0.00 6.934e-01 2.918e-01 1.920e-03 1.464e-03 6.485e-03 -1.000 1.476e-02 -0.937 3.729 0.686 -0.548 -0.972 -1.237
0.01471 0.00000 9.60206 1.3380101919 2.5236598150    1.334  2.325  3.6179  1.662    3  0.000  0.395     0.00     0.00     0.00     0.00     0.00 -1 -1.75e-10      0.00 6.934e-01 2.918e-01 1.920e-03 1.464e-03 6.485e-03 -1.000 1.476e-02 -1.041 3.674 0.619 -0.629 -1.064 -1.335
0.01471 0.00000 9.60206 1.3381407261 2.5236737996    1.334  2.366  3.6148  1.608    3  0.000  0.395     0.00     0.00     0.00     0.00     0.00 -1 -2.05e-10      0.00 6.934e-01 2.918e-01 1.919e-03 1.465e-03 6.485e-03 -1.000 1.476e-02 -1.145 3.618 0.552 -0.709 -1.154 -1.433
0.01471 0.00000 9.60206 1.3382607698 2.5236866575    1.334  2.407  3.6118  1.555    3  0.000  0.395     0.00     0.00     0.00     0.00     0.00 -1  -2.4e-10      0.00 6.934e-01 2.918e-01 1.919e-03 1.465e-03 6.485e-03 -1.000 1.476e-02 -1.248 3.563 0.485 -0.789 -1.243 -1.529
0.01471 0.00000 9.60206 1.3383712769 2.5236984916    1.334  2.448  3.6086  1.502    3  0.000  0.394     0.00     0.00     0.00     0.00     0.00 -1  -2.8e-10      0.00 6.934e-01 2.918e-01 1.919e-03 1.465e-03 6.485e-03 -1.000 1.476e-02 -1.350 3.509 0.421 -0.867 -1.330 -1.624
0.01471 0.00000 9.60206 1.3384753466 2.5237096342    1.334  2.489  3.6055  1.447    3  0.000  0.394     0.00     0.00     0.00     0.00     0.00 -1 -3.28e-10      0.00 6.934e-01 2.918e-01 1.919e-03 1.465e-03 6.485e-03 -1.000 1.476e-02 -1.453 3.509 0.367 -0.940 -1.420 -1.724
0.01471 0.00000 9.60206 1.3385686874 2.5237196265    1.333  2.529  3.6023  1.395    3  0.000  0.394    10.05     7.36     5.22     3.97     3.23  4 -3.83e-10      0.00 6.934e-01 2.918e-01 1.919e-03 1.465e-03 6.485e-03 -1.000 1.476e-02 -1.553 3.515 0.317 -1.010 -1.506 -1.820
0.01471 0.00000 9.60206 1.3386548758 2.5237288516    1.333  2.569  3.5991  1.343    3  0.000  0.394    11.19     8.09     5.71     4.36     3.54  4 -4.46e-10      0.00 6.934e-01 2.918e-01 1.919e-03 1.465e-03 6.485e-03 -1.000 1.476e-02 -1.652 3.521 0.269 -1.077 -1.590 -1.915
0.01471 0.00000 9.60206 1.3387373686 2.5237376799    1.333  2.609  3.5959  1.289    3  0.000  0.394    12.49     8.92     6.27     4.79     3.89  4 -5.21e-10      0.00 6.934e-01 2.918e-01 1.919e-03 1.465e-03 6.485e-03 -1.000 1.476e-02 -1.754 3.521 0.223 -1.139 -1.675 -2.013
0.01471 0.00000 9.60206 1.3388108015 2.5237455376    1.333  2.648  3.5927  1.237    3  0.000  0.394    13.87     9.79     6.85     5.24     4.26  4 -6.05e-10      0.00 6.934e-01 2.918e-01 1.919e-03 1.465e-03 6.485e-03 -1.000 1.476e-02 -1.850 3.526 0.181 -1.198 -1.756 -2.106
0.01471 0.00000 9.60206 1.3388806581 2.5237530116    1.332  2.687  3.5893  1.185    3  0.000  0.394    15.45    10.76     7.50     5.75     4.67  4 -7.05e-10      0.00 6.934e-01 2.918e-01 1.919e-03 1.465e-03 6.485e-03 -1.000 1.476e-02 -1.948 3.532 0.141 -1.255 -1.836 -2.200
0.01471 0.00000 9.60206 1.3389469385 2.5237601022    1.332  2.727  3.5860  1.132    3  0.000  0.394    17.22    11.85     8.22     6.31     5.13  4 -8.21e-10      0.00 6.934e-01 2.918e-01 1.919e-03 1.465e-03 6.485e-03 -1.000 1.476e-02 -2.048 3.532 0.105 -1.304 -1.915 -2.295
0.01471 0.00000 9.60206 1.3390059471 2.5237664143    1.331  2.764  3.5828  1.081    3  0.000  0.394    19.10    12.98     8.97     6.89     5.61  3 -9.51e-10      0.00 6.934e-01 2.918e-01 1.919e-03 1.465e-03 6.485e-03 -1.000 1.476e-02 -2.141 3.537 0.073 -1.350 -1.989 -2.384
0.01471 0.00000 9.60206 1.3390620947 2.5237724196    1.331  2.802  3.5794  1.029    3  0.000  0.394    21.23    14.25     9.81     7.54     6.14  3  -1.1e-09      0.00 6.934e-01 2.918e-01 1.919e-03 1.466e-03 6.485e-03 -1.000 1.476e-02 -2.236 3.542 0.044 -1.392 -2.063 -2.474
0.01471 0.00000 9.60206 1.3391151428 2.5237780930    1.330  2.841  3.5759  0.977    3  0.000  0.394    23.61    15.66    10.73     8.26     6.73  3 -1.28e-09      0.00 6.934e-01 2.918e-01 1.918e-03 1.466e-03 6.485e-03 -1.000 1.476e-02 -2.331 3.544 0.025 -1.418 -2.133 -2.564
0.01471 0.00000 9.60206 1.3391758204 2.5237845816    1.329  2.887  3.5716  0.913    3  0.000  0.394    26.93    17.58    11.99     9.25     7.53  3 -1.54e-09      0.00 6.934e-01 2.918e-01 1.918e-03 1.466e-03 6.485e-03 -1.000 1.476e-02 -2.448 3.552 0.006 -1.448 -2.218 -2.674
0.01471 0.00000 9.60206 1.3392306566 2.5237904450    1.328  2.932  3.5673  0.850    3  0.000  0.394    30.62    19.70    13.36    10.32     8.41  3 -1.84e-09      0.00 6.934e-01 2.918e-01 1.918e-03 1.466e-03 6.485e-03 -1.000 1.476e-02 -2.561 3.559 0.003 -1.455 -2.293 -2.779
0.01471 0.00000 9.60206 1.3392815590 2.5237958873    1.327  2.977  3.5629  0.787    3  0.000  0.394    34.80    22.05    14.88    11.52     9.39  3  -2.2e-09      0.00 6.934e-01 2.918e-01 1.918e-03 1.466e-03 6.485e-03 -1.000 1.476e-02 -2.673 3.564 0.008 -1.451 -2.364 -2.882
0.01471 0.00000 9.60206 1.3393285275 2.5238009086    1.326  3.021  3.5584  0.725    3  0.000  0.394    39.50    24.66    16.56    12.84    10.47  3 -2.62e-09      0.00 6.934e-01 2.918e-01 1.918e-03 1.466e-03 6.485e-03 -1.000 1.476e-02 -2.782 3.569 0.023 -1.433 -2.430 -2.982
0.01471 0.00000 9.60206 1.3393722773 2.5238055854    1.325  3.065  3.5539  0.663    3  0.000  0.394    44.83    27.58    18.42    14.31    11.67  2 -3.12e-09      0.00 6.934e-01 2.918e-01 1.918e-03 1.466e-03 6.485e-03 -1.000 1.476e-02 -2.892 3.571 0.055 -1.393 -2.488 -3.077
0.01471 0.00000 9.60206 1.3394126892 2.5238099051    1.324  3.108  3.5494  0.602    3  0.000  0.394    50.82    30.81    20.48    15.93    12.99  2 -3.71e-09      0.00 6.934e-01 2.918e-01 1.918e-03 1.466e-03 6.485e-03 -1.000 1.476e-02 -2.999 3.575 0.092 -1.346 -2.541 -3.169
0.01471 0.00000 9.60206 1.3394508362 2.5238139824    1.322  3.151  3.5448  0.540    3  0.000  0.394    57.67    34.45    22.78    17.76    14.48  2 -4.42e-09      0.00 6.934e-01 2.918e-01 1.918e-03 1.466e-03 6.485e-03 -1.000 1.476e-02 -3.106 3.576 0.158 -1.269 -2.580 -3.253
0.01471 0.00000 9.60206 1.3394857645 2.5238177154    1.321  3.193  3.5402  0.479    3  0.000  0.394    65.32    38.45    25.30    19.75    16.12  2 -5.25e-09      0.00 6.934e-01 2.918e-01 1.918e-03 1.466e-03 6.485e-03 -1.000 1.476e-02 -3.211 3.581 0.230 -1.185 -2.616 -3.335
0.01471 0.00000 9.60206 1.3395187855 2.5238212444    1.319  3.234  3.5355  0.418    3  0.000  0.394    74.00    42.93    28.11    21.98    17.94  2 -6.24e-09      0.00 6.934e-01 2.918e-01 1.918e-03 1.466e-03 6.485e-03 -1.000 1.476e-02 -3.316 3.584 0.339 -1.068 -2.633 -3.404
0.01471 0.00000 9.60206 1.3395495415 2.5238245311    1.317  3.275  3.5308  0.357    3  0.000  0.394    83.75    47.88    31.20    24.44    19.95  2 -7.39e-09      0.00 6.934e-01 2.918e-01 1.918e-03 1.466e-03 6.485e-03 -1.000 1.476e-02 -3.418 3.588 0.452 -0.946 -2.646 -3.471
0.01471 0.00000 9.60206 1.3395785093 2.5238276266    1.315  3.316  3.5260  0.297    3  0.000  0.394    94.75    53.39    34.61    27.16    22.17  2 -8.76e-09      0.00 6.934e-01 2.918e-01 1.918e-03 1.466e-03 6.485e-03 -1.000 1.476e-02 -3.519 3.591 0.608 -0.798 -2.634 -3.516
0.01471 0.00000 9.60206 1.3396049738 2.5238304545    1.312  3.355  3.5212  0.238    3  0.000  0.394   106.82    59.34    38.29    30.09    24.58  2 -1.03e-08      0.00 6.934e-01 2.918e-01 1.918e-03 1.466e-03 6.485e-03 -1.000 1.476e-02 -3.616 3.599 0.779 -0.636 -2.611 -3.553
0.01471 0.00000 9.60206 1.3396308422 2.5238332185    1.309  3.392  3.5166  0.182    3  0.000  0.394   119.81    65.66    42.17    33.19    27.12  2 -1.21e-08      0.00 6.934e-01 2.918e-01 1.918e-03 1.466e-03 6.485e-03 -1.000 1.476e-02 -3.709 3.605 0.982 -0.445 -2.560 -3.566